Time, Velocidade média
1, 0.10
2, 0.20
3, 0.30
4, 0.40
5, 0.50
6, 0.60
7, 0.70
8, 0.80
9, 0.80
10, 1.00
11, 1.10
12, 0.80
13, 0.90
14, 1.00
15, 0.70
16, 1.00
17, 1.30
18, 1.40
19, 1.60
20, 1.80
21, 1.40
22, 1.50
23, 0.80
24, 0.90
25, 1.10
26, 1.50
27, 1.90
28, 2.10
29, 2.30
30, 1.80
31, 1.80
32, 1.90
33, 2.10
34, 2.20
35, 2.20
36, 2.20
37, 1.90
38, 1.50
39, 1.30
40, 1.10
41, 1.10
42, 1.40
43, 1.80
44, 2.10
45, 2.50
46, 2.60
47, 3.00
48, 3.40
49, 3.10
50, 3.40
51, 2.90
52, 2.60
53, 2.20
54, 2.10
55, 1.60
56, 1.70
57, 2.10
58, 2.70
59, 2.90
60, 3.50
61, 3.90
62, 4.20
63, 4.60
64, 4.40
65, 3.50
66, 2.90
67, 3.30
68, 3.10
69, 3.30
70, 2.90
71, 2.60
72, 2.10
73, 2.40
74, 2.70
75, 3.40
76, 3.40
77, 3.90
78, 4.00
79, 3.80
80, 4.10
81, 3.80
82, 2.80
83, 3.10
84, 3.00
85, 3.00
86, 2.70
87, 2.60
88, 2.70
89, 3.00
90, 3.50
91, 3.70
92, 3.50
93, 3.70
94, 3.90
95, 4.20
96, 4.10
97, 3.90
98, 3.20
99, 3.40
100, 2.70
101, 2.80
102, 2.90
103, 2.30
104, 2.80
105, 3.20
106, 3.40
107, 3.30
108, 3.50
109, 3.70
110, 3.40
111, 3.10
112, 3.20
113, 3.00
114, 2.30
115, 2.50
116, 2.80
117, 3.10
118, 3.00
119, 3.10
120, 3.50
121, 3.50
122, 3.30
123, 3.50
124, 3.80
125, 3.70
126, 4.00
127, 3.40
128, 2.90
129, 2.90
130, 2.50
131, 2.90
132, 3.10
133, 3.10
134, 3.40
135, 3.30
136, 3.60
137, 3.90
138, 3.50
139, 3.70
140, 3.50
141, 3.30
142, 3.40
143, 2.80
144, 2.90
145, 2.60
146, 2.80
147, 3.00
148, 2.60
149, 3.10
150, 3.60
151, 3.70
152, 3.90
153, 3.80
154, 3.90
155, 4.30
156, 4.40
157, 4.50
158, 3.80
159, 3.50
160, 2.90
161, 2.90
162, 3.20
163, 3.30
164, 2.70
165, 2.90
166, 3.30
167, 3.80
168, 4.20
169, 3.80
170, 3.30
171, 3.40
172, 2.80
173, 3.00
174, 3.30
175, 3.30
176, 3.20
177, 3.40
178, 3.20
179, 3.20
180, 3.50
181, 3.40
182, 3.90
183, 4.20
184, 4.30
185, 4.20
186, 4.30
187, 3.40
188, 3.10
189, 2.70
190, 2.40
191, 2.70
192, 3.10
193, 3.10
194, 3.10
195, 3.50
196, 3.70
197, 3.50
198, 3.30
199, 3.40
200, 3.50
201, 3.50
202, 3.40
203, 3.30
204, 3.10
205, 2.50
206, 2.20
207, 2.20
208, 2.20
209, 2.80
210, 2.60
211, 2.50
212, 2.30
213, 2.30
214, 2.70
215, 3.20
216, 3.10
217, 3.10
218, 3.30
219, 3.50
220, 2.60
221, 2.50
222, 2.60
223, 1.90
224, 2.40
225, 2.70
226, 2.80
227, 3.20
228, 3.80
229, 3.50
230, 3.70
231, 3.90
232, 3.80
233, 3.70
234, 3.50
235, 3.50
236, 2.90
237, 3.20
238, 2.70
239, 2.40
240, 2.50
241, 3.10
242, 3.70
243, 3.80
244, 4.10
245, 4.10
246, 3.70
247, 4.00
248, 4.10
249, 3.80
250, 4.00
251, 3.20
252, 2.80
253, 2.70
254, 2.60
255, 2.60
256, 2.80
257, 3.10
258, 3.20
259, 3.20
260, 3.60
261, 3.80
262, 4.00
263, 4.20
264, 3.40
265, 3.00
266, 3.10
267, 2.70
268, 3.00
269, 2.20
270, 2.10
271, 2.00
272, 2.60
273, 3.10
274, 3.80
275, 4.10
276, 3.60
277, 3.70
278, 3.80
279, 4.00
280, 3.30
281, 2.80
282, 2.10
283, 2.40
284, 2.30
285, 2.30
286, 2.10
287, 2.40
288, 2.80
289, 3.30
290, 3.80
291, 3.90
292, 3.80
293, 4.00
294, 4.00
295, 4.10
296, 3.70
297, 3.20
298, 2.40
299, 2.50
300, 2.30
301, 2.00
302, 2.00
303, 2.40
304, 2.80
305, 3.30
306, 3.70
307, 3.90
308, 4.10
309, 4.40
310, 4.40
311, 3.50
312, 3.70
313, 3.20
314, 3.00
315, 3.20
316, 2.90
317, 2.20
318, 2.50
319, 2.90
320, 3.40
321, 3.20
322, 3.50
323, 3.80
324, 3.80
325, 4.10
326, 3.90
327, 3.70
328, 3.10
329, 2.50
330, 2.10
331, 2.00
332, 2.00
333, 1.80
334, 2.10
335, 2.70
336, 3.00
337, 3.30
338, 3.90
339, 4.20
340, 3.70
341, 4.10
342, 3.50
343, 3.30
344, 3.50
345, 3.00
346, 2.90
347, 2.80
348, 2.80
349, 2.60
350, 2.70
351, 3.30
352, 3.70
353, 3.90
354, 3.80
355, 3.90
356, 3.70
357, 3.70
358, 4.00
359, 3.40
360, 2.90
361, 3.10
362, 3.50
363, 3.10
364, 2.60
365, 2.90
366, 3.30
367, 3.60
368, 3.50
369, 3.30
370, 3.40
371, 3.70
372, 3.90
373, 3.60
374, 3.40
375, 2.40
376, 2.30
377, 2.80
378, 3.30
379, 3.80
380, 3.50
381, 3.20
382, 3.20
383, 3.30
384, 3.70
385, 3.70
386, 3.30
387, 3.10
388, 2.80
389, 2.80
390, 2.20
391, 2.10
392, 2.30
393, 2.90
394, 3.40
395, 3.90
396, 4.20
397, 4.50
398, 4.60
399, 4.60
400, 4.70
401, 4.50
402, 4.10
403, 3.80
404, 3.50
405, 2.80
406, 2.30
407, 2.70
408, 2.50
409, 2.70
410, 3.10
411, 3.70
412, 4.10
413, 3.70
414, 4.10
415, 4.40
416, 4.20
417, 3.60
418, 3.70
419, 3.40
420, 3.40
421, 2.60
422, 1.80
423, 2.10
424, 2.30
425, 2.60
426, 3.00
427, 3.30
428, 3.50
429, 3.70
430, 4.10
431, 3.90
432, 3.90
433, 3.50
434, 3.30
435, 3.60
436, 3.80
437, 2.90
438, 1.90
439, 1.60
440, 2.10
441, 2.60
442, 3.00
443, 3.40
444, 3.40
445, 3.60
446, 4.10
447, 4.30
448, 3.80
449, 3.60
450, 3.50
451, 3.20
452, 3.20
453, 2.60
454, 1.90
455, 1.90
456, 2.00
457, 2.40
458, 2.80
459, 3.50
460, 3.60
461, 3.80
462, 4.00
463, 4.30
464, 3.70
465, 3.30
466, 2.70
467, 2.80
468, 3.00
469, 2.20
470, 2.20
471, 2.00
472, 2.60
473, 3.10
474, 3.50
475, 3.80
476, 3.70
477, 4.00
478, 4.20
479, 4.00
480, 3.70
481, 3.50
482, 2.60
483, 2.30
484, 2.00
485, 2.00
486, 1.50
487, 1.80
488, 2.20
489, 2.70
490, 3.00
491, 3.30
492, 3.30
493, 3.50
494, 4.00
495, 4.00
496, 3.60
497, 3.10
498, 3.10
499, 3.30
500, 3.10
501, 2.70
502, 2.70
503, 3.10
504, 3.30
505, 3.50
506, 3.80
507, 3.80
508, 4.10
509, 4.40
510, 4.70
511, 4.30
512, 4.00
513, 3.40
514, 3.30
515, 2.70
516, 2.50
517, 2.20
518, 2.40
519, 2.60
520, 2.80
521, 2.80
522, 3.20
523, 3.00
524, 3.40
525, 3.70
526, 3.70
527, 2.80
528, 2.90
529, 3.40
530, 3.40
531, 3.70
532, 3.70
533, 3.50
534, 3.70
535, 3.70
536, 3.40
537, 3.80
538, 3.20
539, 3.40
540, 3.50
541, 3.10
542, 3.20
543, 3.10
544, 3.20
545, 3.40
546, 3.50
547, 2.90
548, 3.00
549, 3.50
550, 3.90
551, 3.30
552, 3.80
553, 3.60
554, 3.50
555, 3.40
556, 3.10
557, 2.80
558, 2.70
559, 2.50
560, 2.60
561, 2.80
562, 3.00
563, 3.10
564, 3.50
565, 3.80
566, 3.90
567, 3.40
568, 3.40
569, 3.70
570, 3.50
571, 3.80
572, 3.50
573, 3.10
574, 2.90
575, 2.80
576, 2.40
577, 2.60
578, 2.00
579, 2.40
580, 2.80
581, 3.10
582, 3.30
583, 3.50
584, 3.60
585, 4.10
586, 4.30
587, 4.30
588, 3.50
589, 3.00
590, 3.30
591, 3.40
592, 3.60
593, 3.50
594, 2.90
595, 3.00
596, 3.20
597, 3.30
598, 3.60
599, 3.80
600, 3.30
601, 3.70
602, 3.70
603, 3.60
604, 3.50
605, 3.40
606, 3.10
607, 3.20
608, 2.60
609, 2.50
610, 2.40
611, 2.10
612, 2.40
613, 2.80
614, 3.00
615, 3.40
616, 3.80
617, 4.10
618, 3.50
619, 3.20
620, 3.40
621, 3.50
622, 3.50
623, 3.30
624, 3.00
625, 2.70
626, 2.70
627, 2.80
628, 3.20
629, 3.50
630, 3.60
631, 3.80
632, 3.90
633, 4.20
634, 3.60
635, 3.50
636, 2.90
637, 3.00
638, 2.20
639, 2.40
640, 2.40
641, 2.20
642, 2.10
643, 2.40
644, 2.90
645, 3.00
646, 3.00
647, 3.40
648, 3.40
649, 3.80
650, 4.00
651, 3.30
652, 3.60
653, 3.60
654, 3.70
655, 3.50
656, 3.00
657, 2.50
658, 2.70
659, 3.10
660, 3.50
661, 2.70
662, 3.00
663, 3.40
664, 3.80
665, 4.10
666, 3.40
667, 3.50
668, 3.40
669, 3.40
670, 3.10
671, 3.40
672, 2.40
673, 2.20
674, 2.60
675, 3.10
676, 3.50
677, 3.20
678, 3.60
679, 4.10
680, 4.20
681, 4.10
682, 4.30
683, 4.00
684, 3.70
685, 3.90
686, 3.40
687, 3.30
688, 2.30
689, 2.60
690, 3.00
691, 3.10
692, 2.80
693, 3.00
694, 3.50
695, 3.50
696, 3.90
697, 4.20
698, 3.60
699, 3.80
700, 3.20
701, 3.30
702, 3.10
703, 2.80
704, 2.90
705, 3.00
706, 3.20
707, 3.20
708, 2.60
709, 2.70
710, 3.10
711, 3.50
712, 3.60
713, 3.40
714, 3.10
715, 3.40
716, 3.80
717, 4.10
718, 3.60
719, 3.10
720, 3.20
721, 3.20
722, 3.30
723, 3.30
724, 2.50
725, 2.50
726, 2.70
727, 3.20
728, 3.50
729, 3.90
730, 3.40
731, 3.20
732, 3.40
733, 3.90
734, 3.80
735, 4.10
736, 3.80
737, 4.00
738, 4.20
739, 3.80
740, 3.60
741, 3.00
742, 3.10
743, 3.10
744, 3.30
745, 3.10
746, 3.00
747, 3.70
748, 3.70
749, 3.20
750, 3.50
751, 3.40
752, 3.80
753, 4.00
754, 4.10
755, 3.80
756, 3.20
757, 2.90
758, 3.20
759, 3.00
760, 3.00
761, 2.80
762, 2.60
763, 2.90
764, 3.00
765, 3.40
766, 3.60
767, 4.10
768, 4.10
769, 4.00
770, 3.60
771, 3.90
772, 4.00
773, 3.40
774, 3.30
775, 2.80
776, 3.00
777, 2.90
778, 2.40
779, 2.70
780, 2.70
781, 2.70
782, 3.10
783, 3.20
784, 3.50
785, 2.80
786, 3.30
787, 3.50
788, 3.10
789, 3.00
790, 3.40
791, 3.50
792, 3.30
793, 3.00
794, 2.90
795, 3.10
796, 3.10
797, 2.90
798, 3.00
799, 3.30
800, 3.10
801, 3.20
802, 2.70
803, 2.80
804, 2.60
805, 2.80
806, 3.30
807, 3.40
808, 3.60
809, 3.30
810, 3.30
811, 3.50
812, 3.60
813, 3.90
814, 3.70
815, 3.60
816, 4.00
817, 2.90
818, 3.10
819, 3.30
820, 2.40
821, 2.70
822, 2.90
823, 2.70
824, 2.80
825, 2.20
826, 2.80
827, 3.30
828, 2.90
829, 3.10
830, 3.40
831, 3.40
832, 3.50
833, 3.50
834, 3.80
835, 4.20
836, 3.30
837, 3.00
838, 3.20
839, 3.20
840, 3.10
841, 3.10
842, 3.30
843, 3.40
844, 3.40
845, 3.80
846, 4.00
847, 3.80
848, 3.60
849, 3.60
850, 3.20
851, 3.30
852, 2.90
853, 2.70
854, 2.40
855, 2.50
856, 2.70
857, 2.30
858, 2.10
859, 2.60
860, 3.00
861, 3.40
862, 3.80
863, 4.10
864, 3.60
865, 4.00
866, 4.20
867, 3.80
868, 3.90
869, 3.40
870, 3.20
871, 3.30
872, 3.50
873, 3.10
874, 3.00
875, 3.00
876, 3.10
877, 3.50
878, 3.40
879, 3.10
880, 3.10
881, 3.10
882, 3.40
883, 3.40
884, 2.80
885, 2.60
886, 2.80
887, 3.30
888, 3.80
889, 3.50
890, 3.10
891, 2.70
892, 2.60
893, 3.00
894, 3.40
895, 3.50
896, 3.90
897, 3.90
898, 3.90
899, 4.00
900, 3.80
901, 4.00
902, 3.90
903, 3.80
904, 4.10
905, 3.40
906, 3.00
907, 3.00
908, 3.30
909, 3.20
910, 3.20
911, 2.80
912, 3.00
913, 3.10
914, 3.10
915, 3.30
916, 2.80
917, 3.20
918, 3.60
919, 3.80
920, 3.10
921, 2.80
922, 3.10
923, 3.10
924, 3.20
925, 3.20
926, 3.50
927, 3.70
928, 3.40
929, 3.50
930, 3.80
931, 4.00
932, 3.20
933, 2.90
934, 2.70
935, 3.00
936, 3.10
937, 3.00
938, 3.30
939, 2.90
940, 3.10
941, 3.50
942, 3.60
943, 2.90
944, 2.90
945, 2.60
946, 2.90
947, 3.00
948, 2.70
949, 3.10
950, 3.30
951, 3.30
952, 3.50
953, 3.30
954, 3.50
955, 3.60
956, 3.40
957, 3.40
958, 3.20
959, 3.20
960, 3.40
961, 3.70
962, 4.00
963, 3.70
964, 2.80
965, 3.20
966, 3.30
967, 3.00
968, 3.20
969, 2.80
970, 3.10
971, 2.60
972, 2.70
973, 2.60
974, 2.90
975, 2.70
976, 2.90
977, 3.30
978, 3.40
979, 3.50
980, 3.20
981, 3.10
982, 3.10
983, 3.10
984, 3.20
985, 2.70
986, 2.60
987, 2.90
988, 3.10
989, 2.90
990, 3.00
991, 2.90
992, 3.20
993, 3.60
994, 3.20
995, 3.50
996, 3.70
997, 3.50
998, 3.40
999, 3.00
1000, 3.30
